20
1 0 1
2 1 1
2 0 1
4 3 1
4 2 1
4 0 1
5 2 1
5 3 1
5 1 1
6 3 1
6 1 1
7 1 1
7 2 1
7 5 1
8 7 1
8 4 1
8 1 1
8 3 1
8 6 1
8 5 1
9 6 1
9 5 1
9 2 1
9 4 1
9 8 1
9 0 1
10 3 1
11 0 1
11 6 1
11 9 1
11 1 1
11 2 1
11 7 1
11 3 1
12 2 1
12 8 1
12 0 1
12 11 1
12 1 1
12 9 1
13 2 1
13 10 1
13 1 1
13 9 1
13 4 1
13 8 1
13 0 1
13 6 1
13 5 1
13 11 1
14 1 1
14 13 1
14 7 1
14 6 1
14 12 1
14 11 1
14 9 1
15 9 1
15 13 1
15 11 1
15 12 1
15 1 1
15 6 1
15 4 1
15 10 1
15 0 1
15 5 1
16 15 1
16 9 1
16 6 1
16 11 1
16 0 1
16 14 1
16 10 1
16 5 1
16 13 1
16 3 1
17 6 1
17 12 1
17 3 1
17 10 1
17 16 1
17 4 1
17 11 1
17 5 1
17 1 1
18 3 1
18 14 1
18 4 1
18 16 1
18 9 1
18 5 1
18 12 1
18 17 1
18 11 1
18 10 1
18 1 1
18 15 1
18 8 1
19 6 1
19 9 1
19 14 1
19 16 1
19 0 1
19 12 1
19 4 1
19 2 1
19 15 1
19 8 1
