20
2 0 1
4 1 1
4 2 1
5 4 1
5 1 1
5 0 1
5 3 1
6 2 1
6 4 1
6 3 1
6 5 1
6 0 1
7 0 1
7 6 1
7 5 1
7 4 1
7 1 1
8 1 1
8 2 1
8 6 1
8 7 1
8 3 1
8 4 1
9 2 1
9 1 1
9 3 1
9 4 1
9 6 1
10 5 1
10 0 1
10 6 1
10 1 1
10 9 1
10 8 1
10 7 1
11 9 1
11 5 1
11 10 1
11 8 1
11 1 1
12 1 1
12 9 1
12 3 1
12 10 1
12 11 1
12 8 1
12 5 1
13 10 1
13 0 1
13 6 1
13 3 1
13 9 1
13 8 1
13 12 1
13 7 1
14 12 1
14 4 1
14 11 1
14 1 1
14 10 1
14 6 1
14 9 1
14 0 1
14 2 1
15 5 1
15 12 1
15 10 1
15 3 1
15 1 1
15 13 1
15 11 1
15 6 1
15 8 1
16 2 1
16 4 1
16 12 1
16 10 1
16 13 1
17 7 1
17 0 1
17 13 1
17 2 1
17 3 1
17 11 1
17 6 1
17 5 1
17 8 1
18 15 1
18 10 1
18 8 1
18 13 1
18 6 1
18 17 1
18 1 1
18 7 1
19 12 1
19 14 1
19 8 1
19 6 1
19 18 1
19 17 1
19 9 1
19 5 1
19 2 1
19 10 1
19 16 1
19 11 1
19 7 1
19 0 1
