20
2 0 1
3 2 1
4 2 1
5 1 1
5 3 1
6 3 1
6 2 1
6 0 1
6 5 1
7 4 1
7 0 1
8 6 1
8 5 1
8 7 1
8 0 1
8 2 1
8 3 1
8 1 1
9 1 1
9 5 1
9 0 1
9 4 1
9 6 1
9 3 1
10 4 1
10 2 1
10 8 1
10 0 1
10 6 1
10 9 1
10 7 1
10 3 1
11 8 1
11 3 1
11 7 1
11 9 1
11 10 1
12 9 1
12 11 1
12 10 1
12 7 1
12 4 1
12 0 1
12 6 1
13 9 1
13 1 1
13 5 1
13 3 1
13 2 1
13 10 1
13 7 1
14 11 1
14 0 1
14 5 1
14 7 1
14 6 1
14 9 1
14 3 1
14 1 1
14 12 1
15 9 1
15 7 1
15 12 1
15 14 1
15 13 1
15 6 1
15 10 1
15 2 1
15 0 1
16 13 1
16 6 1
16 8 1
16 5 1
16 9 1
16 15 1
16 10 1
16 1 1
16 12 1
16 3 1
17 3 1
17 1 1
17 15 1
17 6 1
17 11 1
17 12 1
17 2 1
17 8 1
17 5 1
17 16 1
18 6 1
18 2 1
18 7 1
18 14 1
18 0 1
18 17 1
18 11 1
18 10 1
18 8 1
18 9 1
18 4 1
18 15 1
18 1 1
19 2 1
19 4 1
19 8 1
19 0 1
19 16 1
19 13 1
19 7 1
