30
2 0 1
3 0 1
3 2 1
4 3 1
4 2 1
4 1 1
5 3 1
5 4 1
6 2 1
6 4 1
7 3 1
7 6 1
8 6 1
8 7 1
8 0 1
9 3 1
9 2 1
9 7 1
9 0 1
10 7 1
10 8 1
11 9 1
11 8 1
11 5 1
11 1 1
11 3 1
11 6 1
12 4 1
12 7 1
12 2 1
12 6 1
12 1 1
13 8 1
13 12 1
13 11 1
13 9 1
14 8 1
14 0 1
14 2 1
14 5 1
14 7 1
15 1 1
15 9 1
15 3 1
15 6 1
15 7 1
15 0 1
15 4 1
16 4 1
16 8 1
16 3 1
16 7 1
16 14 1
16 9 1
16 15 1
16 6 1
16 2 1
17 13 1
17 5 1
17 6 1
17 2 1
17 8 1
17 14 1
17 9 1
17 7 1
17 10 1
17 16 1
18 8 1
18 15 1
18 4 1
18 13 1
18 0 1
18 7 1
18 1 1
18 5 1
19 3 1
19 17 1
19 8 1
19 13 1
19 9 1
19 15 1
19 18 1
19 14 1
19 5 1
20 9 1
20 3 1
20 4 1
20 13 1
20 14 1
21 10 1
21 0 1
21 15 1
21 4 1
21 11 1
21 16 1
21 18 1
21 14 1
22 20 1
22 5 1
22 7 1
22 11 1
22 18 1
22 13 1
22 2 1
22 4 1
22 14 1
23 21 1
23 3 1
23 2 1
23 0 1
23 7 1
23 11 1
23 5 1
23 1 1
23 14 1
23 17 1
23 16 1
24 11 1
24 12 1
24 18 1
24 8 1
24 23 1
24 20 1
24 13 1
25 5 1
25 4 1
25 11 1
25 22 1
25 9 1
25 2 1
25 6 1
25 13 1
25 24 1
25 7 1
25 1 1
26 22 1
26 13 1
26 1 1
26 15 1
26 23 1
26 12 1
26 7 1
26 24 1
26 9 1
26 4 1
26 17 1
26 11 1
27 23 1
27 12 1
27 0 1
27 11 1
27 8 1
27 9 1
27 24 1
27 21 1
27 17 1
27 4 1
27 16 1
28 12 1
28 15 1
28 5 1
28 14 1
28 16 1
28 18 1
28 19 1
28 25 1
29 11 1
29 22 1
29 17 1
29 24 1
29 6 1
29 3 1
29 28 1
29 7 1
29 25 1
29 14 1
29 9 1
29 13 1
29 10 1
29 21 1
