30
5 0 1
6 3 1
7 1 1
8 6 1
8 2 1
9 1 1
10 8 1
10 7 1
11 7 1
11 5 1
11 2 1
11 9 1
13 8 1
13 3 1
14 4 1
14 8 1
14 10 1
14 0 1
14 11 1
14 2 1
15 11 1
15 2 1
16 3 1
16 8 1
16 11 1
17 13 1
19 5 1
19 12 1
20 4 1
20 15 1
20 1 1
21 6 1
21 15 1
21 5 1
21 10 1
22 5 1
22 20 1
22 16 1
22 19 1
22 7 1
22 14 1
22 18 1
23 2 1
23 22 1
23 7 1
23 13 1
23 6 1
24 12 1
24 3 1
24 13 1
25 10 1
25 1 1
25 13 1
25 5 1
25 0 1
26 16 1
26 13 1
26 15 1
26 19 1
27 24 1
27 12 1
27 15 1
27 7 1
27 22 1
28 21 1
28 7 1
28 19 1
28 12 1
29 19 1
29 7 1
29 12 1
29 22 1
