30
1 0 1
3 2 1
3 0 1
4 1 1
4 3 1
5 2 1
6 3 1
6 0 1
6 5 1
7 6 1
7 0 1
7 4 1
8 3 1
8 1 1
8 0 1
9 7 1
9 5 1
9 2 1
10 9 1
10 1 1
11 4 1
11 10 1
11 0 1
12 11 1
12 2 1
12 7 1
12 9 1
13 2 1
13 0 1
13 5 1
13 11 1
13 12 1
14 4 1
14 2 1
15 1 1
15 11 1
15 0 1
15 8 1
16 5 1
16 9 1
16 8 1
16 10 1
16 0 1
16 12 1
16 3 1
16 2 1
16 11 1
17 16 1
17 2 1
17 1 1
17 7 1
17 6 1
17 15 1
17 13 1
18 9 1
18 16 1
18 4 1
18 0 1
18 8 1
18 1 1
18 12 1
18 14 1
18 3 1
18 13 1
18 17 1
18 10 1
19 12 1
19 13 1
19 8 1
19 7 1
19 11 1
19 17 1
19 1 1
20 9 1
20 2 1
20 13 1
20 3 1
20 16 1
20 14 1
20 10 1
20 17 1
20 18 1
20 6 1
20 11 1
21 20 1
21 7 1
21 0 1
21 1 1
21 8 1
22 21 1
22 11 1
22 1 1
22 3 1
22 6 1
22 9 1
22 0 1
22 13 1
22 14 1
23 6 1
23 3 1
23 10 1
23 14 1
23 8 1
23 15 1
23 20 1
23 13 1
23 18 1
23 7 1
24 13 1
24 7 1
24 15 1
24 21 1
24 17 1
24 12 1
24 18 1
24 0 1
24 22 1
24 3 1
25 1 1
25 7 1
25 6 1
25 12 1
25 24 1
25 4 1
25 11 1
25 9 1
25 8 1
25 10 1
26 20 1
26 7 1
26 23 1
26 2 1
26 5 1
26 19 1
26 6 1
27 2 1
27 17 1
27 19 1
27 18 1
27 1 1
27 24 1
27 12 1
27 14 1
27 4 1
27 8 1
27 9 1
27 15 1
28 17 1
28 1 1
28 4 1
28 12 1
28 19 1
28 2 1
28 13 1
28 5 1
28 3 1
28 20 1
28 24 1
28 11 1
28 25 1
28 23 1
28 9 1
29 27 1
29 4 1
29 7 1
29 24 1
29 25 1
29 11 1
29 23 1
29 15 1
29 14 1
29 21 1
29 8 1
29 17 1
29 6 1
29 2 1
29 20 1
29 19 1
29 16 1
29 22 1
