30
2 1 1
3 0 1
3 2 1
4 0 1
5 1 1
6 4 1
6 2 1
6 0 1
6 1 1
7 3 1
7 4 1
8 1 1
8 5 1
8 0 1
8 2 1
9 2 1
10 6 1
10 8 1
10 0 1
10 3 1
11 8 1
11 7 1
11 2 1
12 7 1
12 5 1
12 9 1
12 8 1
12 1 1
12 11 1
12 10 1
13 8 1
13 6 1
13 12 1
13 11 1
13 4 1
13 9 1
13 2 1
13 10 1
13 5 1
14 5 1
14 1 1
14 3 1
14 6 1
14 13 1
14 10 1
15 10 1
15 3 1
15 9 1
15 6 1
15 7 1
15 11 1
15 12 1
16 11 1
16 3 1
16 8 1
16 14 1
16 7 1
16 5 1
16 0 1
16 13 1
17 4 1
17 16 1
17 11 1
17 6 1
17 2 1
17 1 1
18 11 1
18 15 1
18 4 1
18 5 1
18 6 1
18 2 1
18 0 1
18 3 1
19 14 1
19 17 1
19 6 1
20 12 1
20 8 1
20 4 1
20 0 1
20 16 1
20 13 1
20 6 1
20 5 1
20 15 1
20 2 1
21 8 1
21 6 1
21 3 1
21 5 1
21 14 1
21 1 1
21 12 1
22 16 1
22 2 1
22 11 1
22 8 1
22 3 1
22 18 1
22 12 1
22 4 1
23 20 1
23 18 1
23 14 1
23 21 1
23 3 1
23 17 1
23 10 1
23 22 1
24 16 1
24 12 1
24 17 1
24 10 1
24 11 1
24 1 1
24 21 1
24 23 1
24 0 1
24 14 1
24 3 1
25 3 1
25 10 1
25 20 1
25 7 1
25 22 1
25 0 1
25 6 1
25 4 1
25 19 1
26 7 1
26 9 1
26 10 1
26 25 1
26 22 1
26 13 1
26 1 1
26 16 1
26 21 1
26 6 1
26 4 1
27 18 1
27 3 1
27 4 1
27 2 1
27 16 1
27 26 1
27 5 1
27 25 1
27 10 1
27 20 1
27 1 1
27 24 1
28 19 1
28 13 1
28 6 1
28 18 1
28 1 1
28 22 1
28 12 1
28 0 1
28 3 1
28 5 1
28 14 1
28 23 1
28 24 1
28 27 1
28 2 1
28 10 1
29 21 1
29 26 1
29 6 1
29 23 1
29 9 1
29 18 1
29 25 1
29 8 1
29 12 1
29 20 1
29 1 1
