30
3 1 1
4 3 1
5 3 1
6 4 1
6 1 1
6 5 1
6 3 1
7 6 1
8 6 1
8 2 1
8 7 1
9 7 1
9 4 1
10 3 1
10 9 1
10 2 1
11 7 1
11 3 1
11 9 1
11 5 1
11 8 1
12 0 1
12 2 1
12 8 1
12 11 1
12 6 1
13 7 1
13 5 1
13 10 1
13 1 1
13 12 1
13 4 1
13 11 1
14 2 1
14 1 1
14 13 1
14 10 1
14 3 1
14 5 1
14 4 1
14 8 1
15 0 1
15 5 1
15 10 1
15 3 1
15 6 1
15 2 1
16 7 1
16 5 1
16 4 1
17 13 1
17 1 1
17 6 1
17 7 1
17 8 1
17 16 1
18 5 1
18 13 1
18 1 1
18 17 1
18 6 1
18 0 1
19 13 1
19 2 1
19 15 1
19 11 1
19 16 1
19 12 1
19 9 1
19 8 1
19 6 1
19 1 1
19 5 1
20 9 1
20 6 1
20 18 1
20 15 1
20 12 1
20 7 1
20 11 1
20 3 1
20 5 1
20 19 1
20 0 1
21 10 1
21 20 1
21 3 1
21 5 1
21 19 1
21 14 1
21 18 1
22 19 1
22 18 1
22 21 1
22 0 1
22 1 1
22 3 1
22 17 1
22 12 1
22 7 1
23 1 1
23 20 1
23 18 1
23 17 1
23 0 1
23 4 1
23 14 1
23 19 1
24 4 1
24 21 1
24 16 1
24 17 1
24 23 1
24 9 1
24 22 1
24 13 1
24 2 1
24 11 1
24 12 1
24 20 1
25 14 1
25 17 1
25 10 1
25 6 1
25 9 1
25 1 1
25 4 1
25 8 1
25 15 1
25 11 1
25 2 1
25 21 1
25 12 1
25 24 1
25 18 1
25 0 1
26 7 1
26 21 1
26 25 1
26 12 1
26 2 1
26 19 1
26 5 1
26 15 1
26 3 1
26 18 1
27 19 1
27 6 1
27 23 1
27 12 1
27 22 1
27 18 1
27 3 1
27 5 1
27 26 1
27 14 1
27 24 1
27 25 1
27 2 1
28 22 1
28 21 1
28 13 1
28 19 1
28 12 1
28 6 1
28 2 1
28 4 1
28 10 1
29 3 1
29 23 1
29 12 1
29 9 1
29 24 1
29 22 1
29 11 1
29 27 1
29 1 1
29 15 1
29 16 1
29 2 1
