30
3 2 1
4 2 1
5 0 1
5 3 1
7 0 1
7 2 1
8 6 1
8 0 1
8 5 1
8 7 1
8 1 1
9 3 1
9 0 1
9 6 1
9 5 1
10 2 1
10 4 1
10 5 1
11 0 1
11 8 1
11 5 1
11 6 1
13 1 1
13 2 1
13 6 1
13 11 1
13 3 1
13 12 1
13 0 1
13 9 1
14 13 1
14 2 1
14 11 1
14 6 1
14 4 1
14 7 1
14 1 1
15 9 1
15 14 1
15 1 1
15 4 1
15 10 1
15 3 1
15 2 1
16 8 1
16 5 1
16 3 1
16 14 1
16 4 1
16 10 1
16 6 1
17 13 1
17 3 1
17 0 1
17 8 1
17 12 1
17 15 1
17 10 1
17 6 1
18 1 1
18 11 1
18 17 1
18 12 1
18 10 1
19 10 1
19 5 1
19 6 1
19 11 1
19 18 1
19 14 1
19 16 1
19 13 1
19 17 1
19 0 1
20 0 1
20 8 1
20 13 1
20 16 1
20 11 1
20 3 1
20 14 1
20 17 1
20 10 1
20 4 1
21 5 1
21 16 1
21 7 1
21 18 1
21 11 1
21 9 1
21 12 1
21 4 1
22 19 1
22 20 1
22 7 1
22 13 1
22 1 1
23 16 1
23 7 1
23 17 1
23 0 1
23 21 1
23 5 1
24 13 1
24 11 1
24 20 1
24 21 1
24 5 1
24 8 1
24 12 1
24 17 1
24 1 1
24 10 1
24 3 1
25 7 1
25 2 1
25 16 1
25 22 1
25 9 1
25 24 1
25 10 1
25 20 1
25 11 1
25 4 1
25 18 1
25 19 1
25 15 1
25 17 1
26 13 1
26 9 1
26 23 1
26 15 1
26 3 1
26 20 1
26 19 1
26 7 1
26 0 1
26 25 1
26 12 1
26 16 1
27 19 1
27 21 1
27 17 1
27 8 1
27 9 1
27 12 1
27 2 1
27 3 1
27 4 1
27 23 1
27 20 1
27 25 1
27 18 1
27 6 1
27 1 1
28 4 1
28 22 1
28 3 1
28 20 1
28 25 1
28 15 1
28 7 1
28 8 1
28 17 1
29 24 1
29 5 1
29 18 1
29 1 1
29 11 1
29 20 1
29 12 1
29 8 1
29 23 1
29 10 1
29 19 1
29 21 1
29 26 1
29 0 1
29 4 1
29 2 1
